00000000000000000000000000000000
00100000000010000000000000000101
00000000000000000000000000000000
00000000000000000000000000000000
00000001000000000100100000100000
00000000000000000000000000000000
00000000000000000000000000000000
00100001001010010000000000000010
00000000000000000000000000000000
00000000000000000000000000000000
00100001001010100000000000000011
00111100000000010001000000000001
00110100001000010000000000000000
00000001011000010101100000100000
00000000000000000000000000000000
00001000000100000000000000010000
10101101011010100000000000000000
00000000000000000000000000000000
00000000000000000000000000000000
00000001010010011000000000100000
00000000000000000000000000000000
00000000000000000000000000000000
00000010000010111000100000100010
00000000000000000000000000000000
00000000000000000000000000000000
10001101011011100000000000000000
00000000000000000000000000000000
00000000000000000000000000000000
00100001010100101111111111111110
00000000000000000000000000000000
00000000000000000000000000000000
00000010010011001001000000100101
00000000000000000000000000000000
00000000000000000000000000000000
00000000000100101011100010000000
